Task 1.2 (FIXED): Gram Matrices via Orthogonal Complement
================================================================================

S_Co: rank = 11, sig = (1, 10), disc = 2048
T_Co: rank = 11, sig = (2, 9), disc = 2048

S_Co Gram:
[ 2  0  0  0  0  0  0  0  0  0  0]
[ 0 -2  0  0  0  0  0  0  0  0  0]
[ 0  0 -2  0  0  0  0  0  0  0  0]
[ 0  0  0 -2  0  0  0  0  0  0  0]
[ 0  0  0  0 -2  0  0  0  0  0  0]
[ 0  0  0  0  0 -2  0  0  0  0  0]
[ 0  0  0  0  0  0 -2  0  0  0  0]
[ 0  0  0  0  0  0  0 -2  0  0  0]
[ 0  0  0  0  0  0  0  0 -2  0  0]
[ 0  0  0  0  0  0  0  0  0 -2  0]
[ 0  0  0  0  0  0  0  0  0  0 -2]

T_Co Gram (computed):
[ 2  0  0  0  0  0  0  0  0  0  0]
[ 0  2  0  0  0  0  0  0  0  0  0]
[ 0  0 -2  0  0  0  0  0  0  0  0]
[ 0  0  0 -2  0  0  0  0  0  0  0]
[ 0  0  0  0 -2  0  0  0  0  0  0]
[ 0  0  0  0  0 -2  0  0  0  0  0]
[ 0  0  0  0  0  0 -2  0  0  0  0]
[ 0  0  0  0  0  0  0 -2  0  0  0]
[ 0  0  0  0  0  0  0  0 -2  0  0]
[ 0  0  0  0  0  0  0  0  0 -2  0]
[ 0  0  0  0  0  0  0  0  0  0 -2]
