Task 5.1 Results: θ Involution Matrix and Eigenspace Verification
================================================================================

Involution Matrix θ (22×22):
--------------------------------------------------------------------------------
[ 0  1  0  0  0  0  0  0  0  0  0  0  0  0  0  0  0  0  0  0  0  0]
[ 1  0  0  0  0  0  0  0  0  0  0  0  0  0  0  0  0  0  0  0  0  0]
[ 0  0  0  1  0  0  0  0  0  0  0  0  0  0  0  0  0  0  0  0  0  0]
[ 0  0  1  0  0  0  0  0  0  0  0  0  0  0  0  0  0  0  0  0  0  0]
[ 0  0  0  0  0 -1  0  0  0  0  0  0  0  0  0  0  0  0  0  0  0  0]
[ 0  0  0  0 -1  0  0  0  0  0  0  0  0  0  0  0  0  0  0  0  0  0]
[ 0  0  0  0  0  0  1  0  0  0  0  0  0  0  0  0  0  0  0  0  0  0]
[ 0  0  0  0  0  0  0 -1  0  0  0  0  0  0  0  0  0  0  0  0  0  0]
[ 0  0  0  0  0  0  0  0  1  0  0  0  0  0  0  0  0  0  0  0  0  0]
[ 0  0  0  0  0  0  0  0  0 -1  0  0  0  0  0  0  0  0  0  0  0  0]
[ 0  0  0  0  0  0  0  0  0  0  1  0  0  0  0  0  0  0  0  0  0  0]
[ 0  0  0  0  0  0  0  0  0  0  0 -1  0  0  0  0  0  0  0  0  0  0]
[ 0  0  0  0  0  0  0  0  0  0  0  0  1  0  0  0  0  0  0  0  0  0]
[ 0  0  0  0  0  0  0  0  0  0  0  0  0 -1  0  0  0  0  0  0  0  0]
[ 0  0  0  0  0  0  0  0  0  0  0  0  0  0  1  0  0  0  0  0  0  0]
[ 0  0  0  0  0  0  0  0  0  0  0  0  0  0  0 -1  0  0  0  0  0  0]
[ 0  0  0  0  0  0  0  0  0  0  0  0  0  0  0  0  1  0  0  0  0  0]
[ 0  0  0  0  0  0  0  0  0  0  0  0  0  0  0  0  0 -1  0  0  0  0]
[ 0  0  0  0  0  0  0  0  0  0  0  0  0  0  0  0  0  0  1  0  0  0]
[ 0  0  0  0  0  0  0  0  0  0  0  0  0  0  0  0  0  0  0 -1  0  0]
[ 0  0  0  0  0  0  0  0  0  0  0  0  0  0  0  0  0  0  0  0  1  0]
[ 0  0  0  0  0  0  0  0  0  0  0  0  0  0  0  0  0  0  0  0  0 -1]

Verification:
--------------------------------------------------------------------------------
θ² = I: True

+1 Eigenspace (Λ_K3^θ ≅ T_Co):
--------------------------------------------------------------------------------
Dimension: 11
Signature: (2, 9)
Determinant: -2048
(r, a, δ) = (11, 11, 1)
Gram matrix:
[ 2  0  0  0  0  0  0  0  0  0  0]
[ 0  2  0  0  0  0  0  0  0  0  0]
[ 0  0 -2  0  0  0  0  0  0  0  0]
[ 0  0  0 -2  0  0  0  0  0  0  0]
[ 0  0  0  0 -2  0  0  0  0  0  0]
[ 0  0  0  0  0 -2  0  0  0  0  0]
[ 0  0  0  0  0  0 -2  0  0  0  0]
[ 0  0  0  0  0  0  0 -2  0  0  0]
[ 0  0  0  0  0  0  0  0 -2  0  0]
[ 0  0  0  0  0  0  0  0  0 -2  0]
[ 0  0  0  0  0  0  0  0  0  0 -2]

-1 Eigenspace (Λ_K3^{-θ} ≅ S_Co):
--------------------------------------------------------------------------------
Dimension: 11
Signature: (1, 10)
Determinant: 2048
(r, a, δ) = (11, 11, 1)
Gram matrix:
[-2  0  0  0  0  0  0  0  0  0  0]
[ 0 -2  0  0  0  0  0  0  0  0  0]
[ 0  0  2  0  0  0  0  0  0  0  0]
[ 0  0  0 -2  0  0  0  0  0  0  0]
[ 0  0  0  0 -2  0  0  0  0  0  0]
[ 0  0  0  0  0 -2  0  0  0  0  0]
[ 0  0  0  0  0  0 -2  0  0  0  0]
[ 0  0  0  0  0  0  0 -2  0  0  0]
[ 0  0  0  0  0  0  0  0 -2  0  0]
[ 0  0  0  0  0  0  0  0  0 -2  0]
[ 0  0  0  0  0  0  0  0  0  0 -2]

Target Lattices:
--------------------------------------------------------------------------------
T_Co Gram: diag(2, 2, -2, -2, -2, -2, -2, -2, -2, -2, -2)
S_Co Gram: diag(2, -2, -2, -2, -2, -2, -2, -2, -2, -2, -2)

Verification Summary:
--------------------------------------------------------------------------------
✓ θ is 22×22 matrix
✓ θ² = I (involution)
✓ +1 eigenspace dimension = 11
✓ -1 eigenspace dimension = 11
✓ +1 eigenspace signature = (2,9)
✓ -1 eigenspace signature = (1,10)
✓ +1 eigenspace det = T_Co det
✓ -1 eigenspace det = S_Co det
✓ Eigenspaces orthogonal
