Task 1.3 Results: Primitive Embedding Matrices
================================================================================

Embedding Matrices:
--------------------------------------------------------------------------------

M_dP_En (T_dP → T_En): (10, 9)
[1 0 0 0 0 0 0 0 0]
[0 1 0 0 0 0 0 0 0]
[0 0 1 0 0 0 0 0 0]
[0 0 0 1 0 0 0 0 0]
[0 0 0 0 1 0 0 0 0]
[0 0 0 0 0 1 0 0 0]
[0 0 0 0 0 0 1 0 0]
[0 0 0 0 0 0 0 1 0]
[0 0 0 0 0 0 0 0 1]
[0 0 0 0 0 0 0 0 0]

M_En_Co (T_En → T_Co): (11, 10)
[1 0 0 0 0 0 0 0 0 0]
[0 1 0 0 0 0 0 0 0 0]
[0 0 1 0 0 0 0 0 0 0]
[0 0 0 1 0 0 0 0 0 0]
[0 0 0 0 1 0 0 0 0 0]
[0 0 0 0 0 1 0 0 0 0]
[0 0 0 0 0 0 1 0 0 0]
[0 0 0 0 0 0 0 1 0 0]
[0 0 0 0 0 0 0 0 1 0]
[0 0 0 0 0 0 0 0 0 1]
[0 0 0 0 0 0 0 0 0 0]

M_TCo (T_Co → Λ_K3): (22, 11)
[ 0  0  0  0  0  0  0  0  0  0  0]
[ 0  0  0  0  0  0  0  0  0  0  0]
[ 1  0  0  0  0  0  0  0  0  0  0]
[ 1  0  0  0  0  0  0  0  0  0  0]
[ 0  1  0  0  0  0  0  0  0  0  0]
[ 0  1  0  0  0  0  0  0  0  0  0]
[ 0  0  1  0  0  0  0  0  0  0  0]
[ 0  0  2  0  0  0  0  0  0  0  0]
[ 0  0  0  1  0  0  0  0  0  0  0]
[ 0  0 -2  2  0  0  0  0  0  0  0]
[ 0  0  0  0  1  0  0  0  0  0  0]
[ 0  0  0  0  0  2  0  0  0  0  0]
[ 0  0  0  0  0  1  0  0  0  0  0]
[ 0  0  2 -2  2 -2  0  0  0  0  0]
[ 0  0  0  0  0  0  1  0  0  0  0]
[ 0  0  0  0  0  0  2  0  0  0  0]
[ 0  0  0  0  0  0  0  1  0  0  0]
[ 0  0  0  0  0  0 -2  2  0  0  0]
[ 0  0  0  0  0  0  0  0  1  0  0]
[ 0  0  0  0  0  0  0  0  0  1  0]
[ 0  0  0  0  0  0  0  0  0  0  1]
[ 0  0  0  0  0  0  2 -2  2 -1  0]

M_En_K3 (T_En → Λ_K3): (22, 10)
[ 0  0  0  0  0  0  0  0  0  0]
[ 0  0  0  0  0  0  0  0  0  0]
[ 1  0  0  0  0  0  0  0  0  0]
[ 1  0  0  0  0  0  0  0  0  0]
[ 0  1  0  0  0  0  0  0  0  0]
[ 0  1  0  0  0  0  0  0  0  0]
[ 0  0  1  0  0  0  0  0  0  0]
[ 0  0  2  0  0  0  0  0  0  0]
[ 0  0  0  1  0  0  0  0  0  0]
[ 0  0 -2  2  0  0  0  0  0  0]
[ 0  0  0  0  1  0  0  0  0  0]
[ 0  0  0  0  0  2  0  0  0  0]
[ 0  0  0  0  0  1  0  0  0  0]
[ 0  0  2 -2  2 -2  0  0  0  0]
[ 0  0  0  0  0  0  1  0  0  0]
[ 0  0  0  0  0  0  2  0  0  0]
[ 0  0  0  0  0  0  0  1  0  0]
[ 0  0  0  0  0  0 -2  2  0  0]
[ 0  0  0  0  0  0  0  0  1  0]
[ 0  0  0  0  0  0  0  0  0  1]
[ 0  0  0  0  0  0  0  0  0  0]
[ 0  0  0  0  0  0  2 -2  2 -1]

M_dP_K3 (T_dP → Λ_K3): (22, 9)
[ 0  0  0  0  0  0  0  0  0]
[ 0  0  0  0  0  0  0  0  0]
[ 1  0  0  0  0  0  0  0  0]
[ 1  0  0  0  0  0  0  0  0]
[ 0  1  0  0  0  0  0  0  0]
[ 0  1  0  0  0  0  0  0  0]
[ 0  0  1  0  0  0  0  0  0]
[ 0  0  2  0  0  0  0  0  0]
[ 0  0  0  1  0  0  0  0  0]
[ 0  0 -2  2  0  0  0  0  0]
[ 0  0  0  0  1  0  0  0  0]
[ 0  0  0  0  0  2  0  0  0]
[ 0  0  0  0  0  1  0  0  0]
[ 0  0  2 -2  2 -2  0  0  0]
[ 0  0  0  0  0  0  1  0  0]
[ 0  0  0  0  0  0  2  0  0]
[ 0  0  0  0  0  0  0  1  0]
[ 0  0  0  0  0  0 -2  2  0]
[ 0  0  0  0  0  0  0  0  1]
[ 0  0  0  0  0  0  0  0  0]
[ 0  0  0  0  0  0  0  0  0]
[ 0  0  0  0  0  0  2 -2  2]

Gram Matrices:
--------------------------------------------------------------------------------
S_Co diagonal: [2, -2, -2, -2, -2, -2, -2, -2, -2, -2, -2]
T_Co diagonal: [2, 2, -22, -14, -6, -14, -22, -14, -6, -4, -2]
T_En diagonal: [2, 2, -22, -14, -6, -14, -22, -14, -6, -4]
T_dP diagonal: [2, 2, -22, -14, -6, -14, -22, -14, -6]

Verification:
--------------------------------------------------------------------------------
S_Co ⊥ T_Co: True
T_dP → T_En primitive: True
T_En → T_Co primitive: True
T_Co → Λ_K3 primitive: True
T_dP → Λ_K3 primitive: True
