[
    [
        [ 2, 0, 0, 3, 0, 0, 1, 0, 0, 1, 0, 0, 3, 0, 0, 6 ]
    ],
    [
        [ 0, 1, 0, 0, 1, 0, 0, 0, 0, 0, 6, 0, 0, 0, 0, 2 ],
        [ 0, 2, 0, 0, 2, 0, 0, 0, 0, 0, 3, 0, 0, 0, 0, 1 ]
    ],
    [
        [ 1, 0, 0, 0, 0, 0, 1, 0, 0, 1, 0, 0, 0, 0, 0, 1 ]
    ],
    [
        [ 0, 2, 0, 0, 2, 0, 0, 0, 0, 0, 1, 0, 0, 0, 0, 1 ],
        [ 0, 1, 0, 0, 1, 0, 0, 0, 0, 0, 2, 0, 0, 0, 0, 2 ]
    ],
    [
        [ 2, 0, 0, 0, 0, 2, 0, 0, 0, 0, -1, 0, 0, 0, 0, 1 ]
    ],
    [
        [ 4, 0, 0, 7, 0, 0, 1, 0, 0, 1, 0, 0, 7, 0, 0, 14 ]
    ],
    [
        [ 2, 0, 0, 0, 0, 0, 1, 0, 0, 1, 0, 0, 0, 0, 0, 14 ],
        [ 0, 2, 0, 0, 2, 0, 0, 0, 0, 0, 7, 0, 0, 0, 0, 1 ]
    ],
    [
        [ 1, 0, 0, 0, 0, 0, 1, 0, 0, 1, 0, 0, 0, 0, 0, 2 ]
    ],
    [
        [ 6, 0, 0, 11, 0, 0, 1, 0, 0, 1, 0, 0, 11, 0, 0, 22 ]
    ],
    [
        [ 1, 0, 0, 0, 0, 1, 0, 0, 0, 0, 1, 0, 0, 0, 0, -3 ]
    ],
    [
        [ 0, 2, 0, 0, 2, 0, 0, 0, 0, 0, 2, -1, 0, 0, -1, 2 ],
        [ 0, 1, 0, 0, 1, 0, 0, 0, 0, 0, 4, -2, 0, 0, -2, 4 ]
    ],
    [
        [ 2, 0, 0, 0, 0, 2, 0, 0, 0, 0, 3, 0, 0, 0, 0, -1 ],
        [ 2, 0, 0, 0, 0, 2, 0, 0, 0, 0, -3, 0, 0, 0, 0, 1 ]
    ],
    [
        [ 1, 0, 0, 0, 0, 0, 1, 0, 0, 1, 0, 0, 0, 0, 0, 3 ]
    ],
    [
        [ 8, 0, 0, 15, 0, 0, 1, 0, 0, 1, 0, 0, 15, 0, 0, 30 ]
    ],
    [
        [ -2, -5, 0, 0, -5, -10, 0, 0, 0, 0, 2, -1, 0, 0, -1, 2 ]
    ],
    [
        [ 0, 1, 0, 0, 1, 0, 0, 0, 0, 0, 10, 0, 0, 0, 0, 6 ],
        [ 0, 2, 0, 0, 2, 0, 0, 0, 0, 0, 5, 0, 0, 0, 0, 3 ]
    ],
    [
        [ 10, 0, 0, 19, 0, 0, 1, 0, 0, 1, 0, 0, 19, 0, 0, 38 ]
    ],
    [
        [ 1, 0, 0, 0, 0, -1, 0, 0, 0, 0, 2, -1, 0, 0, -1, 3 ]
    ],
    [
        [ 0, 2, 0, 0, 2, 0, 0, 0, 0, 0, 5, 0, 0, 0, 0, 1 ],
        [ 0, 1, 0, 0, 1, 0, 0, 0, 0, 0, 10, 0, 0, 0, 0, 2 ]
    ],
    [
        [ 2, 0, 0, 0, 0, 2, 0, 0, 0, 0, -5, 0, 0, 0, 0, 1 ],
        [ 1, 0, 0, 0, 0, 1, 0, 0, 0, 0, -10, 0, 0, 0, 0, 2 ]
    ],
    [
        [ 0, 1, 0, 0, 1, 0, 0, 0, 0, 0, 4, -2, 0, 0, -2, 6 ],
        [ 0, 2, 0, 0, 2, 0, 0, 0, 0, 0, 2, -1, 0, 0, -1, 3 ]
    ],
    [
        [ 1, 0, 0, 0, 0, 0, 1, 0, 0, 1, 0, 0, 0, 0, 0, 5 ]
    ],
    [
        [ 1, 0, 0, 0, 0, 1, 0, 0, 0, 0, 1, 0, 0, 0, 0, -6 ]
    ],
    [
        [ 1, 0, 0, 0, 0, 6, 0, 0, 0, 0, -1, 0, 0, 0, 0, 1 ]
    ],
    [
        [ 2, 0, 0, 0, 0, 2, 0, 0, 0, 0, 7, 0, 0, 0, 0, -1 ]
    ],
    [
        [ 1, 0, 0, 0, 0, 0, 1, 0, 0, 1, 0, 0, 0, 0, 0, 7 ]
    ],
    [
        [ 4, 0, 0, 7, 0, 0, 2, 0, 0, 2, 0, 0, 7, 0, 0, 14 ]
    ],
    [
        [ 4, 7, 0, 0, 7, 14, 0, 0, 0, 0, -2, 1, 0, 0, 1, 2 ]
    ],
    [
        [ 0, 3, 0, 0, 3, 0, 0, 0, 0, 0, 2, 0, 0, 0, 0, 2 ],
        [ 0, 1, 0, 0, 1, 0, 0, 0, 0, 0, 6, 0, 0, 0, 0, 6 ],
        [ 0, 2, 0, 0, 2, 0, 0, 0, 0, 0, 3, 0, 0, 0, 0, 3 ],
        [ 0, 6, 0, 0, 6, 0, 0, 0, 0, 0, 1, 0, 0, 0, 0, 1 ]
    ],
    [
        [ 0, 3, 0, 0, 3, 0, 0, 0, 0, 0, 1, 0, 0, 0, 0, 1 ],
        [ 0, 1, 0, 0, 1, 0, 0, 0, 0, 0, 3, 0, 0, 0, 0, 3 ]
    ],
    [
        [ 6, 0, 0, 0, 0, 6, 0, 0, 0, 0, -1, 0, 0, 0, 0, 1 ],
        [ 2, 0, 0, 0, 0, 2, 0, 0, 0, 0, -3, 0, 0, 0, 0, 3 ]
    ],
    [
        [ 20, 0, 0, 39, 0, 0, 1, 0, 0, 1, 0, 0, 39, 0, 0, 78 ]
    ],
    [
        [ 1, 0, 0, 0, 0, -5, 0, 0, 0, 0, 2, 0, 0, 0, 0, 1 ]
    ],
    [
        [ 1, 0, 0, 0, 0, 0, 1, 0, 0, 1, 0, 0, 0, 0, 0, 10 ]
    ],
    [
        [ 6, 0, 0, 11, 0, 0, 2, 0, 0, 2, 0, 0, 11, 0, 0, 22 ],
        [ 0, 1, 0, 0, 1, 0, 0, 0, 0, 0, 4, -2, 0, 0, -2, 12 ]
    ],
    [
        [ 1, 0, 0, 0, 0, 1, 0, 0, 0, 0, 1, 0, 0, 0, 0, -11 ]
    ],
    [
        [ 1, 0, 0, 0, 0, -1, 0, 0, 0, 0, 2, -1, 0, 0, -1, 7 ]
    ],
    [
        [ 0, 2, 0, 0, 2, 0, 0, 0, 0, 0, 13, 0, 0, 0, 0, 1 ],
        [ 0, 1, 0, 0, 1, 0, 0, 0, 0, 0, 26, 0, 0, 0, 0, 2 ]
    ],
    [
        [ 1, 0, 0, 0, 0, 0, 1, 0, 0, 1, 0, 0, 0, 0, 0, 14 ]
    ],
    [
        [ 0, 2, 0, 0, 2, 0, 0, 0, 0, 0, 2, 1, 0, 0, 1, 8 ],
        [ 0, -5, 3, 1, -5, -10, 0, 0, 3, 0, 6, 0, 1, 0, 0, 2 ]
    ],
    [
        [ 1, 0, 0, 0, 0, 0, 1, 0, 0, 1, 0, 0, 0, 0, 0, 15 ]
    ],
    [
        [ 1, 0, 0, 0, 0, -5, 0, 0, 0, 0, 3, 0, 0, 0, 0, 1 ]
    ],
    [
        [ 2, 0, 0, 0, 0, 2, 0, 0, 0, 0, -5, 0, 0, 0, 0, 3 ],
        [ 2, 0, 0, 0, 0, 2, 0, 0, 0, 0, 15, 0, 0, 0, 0, -1 ]
    ],
    [
        [ 0, 1, 0, 0, 1, 0, 0, 0, 0, 0, 6, -3, 0, 0, -3, 12 ],
        [ 4, 0, 0, 7, 0, 0, 3, 0, 0, 3, 0, 0, 7, 0, 0, 14 ]
    ],
    [
        [ 0, 1, 0, 0, 1, 0, 0, 0, 0, 0, 34, 0, 0, 0, 0, 2 ],
        [ 0, 2, 0, 0, 2, 0, 0, 0, 0, 0, 17, 0, 0, 0, 0, 1 ]
    ],
    [
        [ 1, 0, 0, 0, 0, 0, 1, 0, 0, 1, 0, 0, 0, 0, 0, 17 ]
    ],
    [
        [ 1, 0, 0, 0, 0, 6, 0, 0, 0, 0, 3, 0, 0, 0, 0, -1 ]
    ],
    [
        [ 8, 15, 0, 0, 15, 30, 0, 0, 0, 0, -2, 1, 0, 0, 1, 2 ],
        [ 0, 5, 0, 0, 5, 0, 0, 0, 0, 0, 2, -1, 0, 0, -1, 2 ]
    ],
    [
        [ 1, 0, 0, 0, 0, -7, 0, 0, 0, 0, 2, -1, 0, 0, -1, 2 ]
    ],
    [
        [ 0, 2, 0, 0, 2, 0, 0, 0, 0, 0, 21, 0, 0, 0, 0, 1 ],
        [ 0, 1, 0, 0, 1, 0, 0, 0, 0, 0, 42, 0, 0, 0, 0, 2 ]
    ],
    [
        [ 0, 2, 0, 0, 2, 0, 0, 0, 0, 0, 7, 0, 0, 0, 0, 3 ],
        [ 0, 1, 0, 0, 1, 0, 0, 0, 0, 0, 14, 0, 0, 0, 0, 6 ]
    ],
    [
        [ 1, 0, 0, 0, 0, 1, 0, 0, 0, 0, 1, 0, 0, 0, 0, -21 ]
    ],
    [
        [ 1, 0, 0, 0, 0, 7, 0, 0, 0, 0, 3, 0, 0, 0, 0, -1 ]
    ],
    [
        [ 0, 2, 0, 0, 2, 0, 0, 0, 0, 0, 5, 2, 0, 0, 2, 5 ],
        [ 0, 1, 0, 0, 1, 0, 0, 0, 0, 0, 10, -4, 0, 0, -4, 10 ]
    ],
    [
        [ 1, 0, 0, 0, 0, 0, 5, 0, 0, 5, 0, 0, 0, 0, 0, 1 ]
    ],
    [
        [ 0, 5, 0, 0, 5, 0, 0, 0, 0, 0, 2, 0, 0, 0, 0, 2 ],
        [ 0, 10, 0, 0, 10, 0, 0, 0, 0, 0, 1, 0, 0, 0, 0, 1 ]
    ],
    [
        [ 10, 0, 0, 0, 0, 10, 0, 0, 0, 0, -1, 0, 0, 0, 0, 1 ]
    ],
    [
        [ 1, 0, 0, 0, 0, 15, 0, 0, 0, 0, -2, 0, 0, 0, 0, 1 ]
    ],
    [
        [ 1, 0, 0, 0, 0, 0, 1, 0, 0, 1, 0, 0, 0, 0, 0, 30 ]
    ],
    [
        [ 1, 0, 0, 0, 0, 1, 0, 0, 0, 0, 1, 0, 0, 0, 0, -30 ]
    ],
    [
        [ 1, 0, 0, 0, 0, -15, 0, 0, 0, 0, 2, 0, 0, 0, 0, 1 ]
    ],
    [
        [ 2, 0, 0, 0, 0, 0, 1, 0, 0, 1, 0, 0, 0, 0, 0, 66 ],
        [ 0, 2, 0, 0, 2, 0, 0, 0, 0, 0, 33, 0, 0, 0, 0, 1 ]
    ],
    [
        [ 1, 0, 0, 0, 0, 1, 0, 0, 0, 0, 1, 0, 0, 0, 0, -33 ]
    ],
    [
        [ 0, 2, 0, 0, 2, 0, 0, 0, 0, 0, 6, -1, 0, 0, -1, 6 ],
        [ 0, 1, 0, 0, 1, 0, 0, 0, 0, 0, 12, 2, 0, 0, 2, 12 ]
    ],
    [
        [ 1, 0, 0, 0, 0, 1, 0, 0, 0, 0, 1, 0, 0, 0, 0, -35 ]
    ],
    [
        [ 2, 0, 0, 3, 0, 0, 7, 0, 0, 7, 0, 0, 3, 0, 0, 6 ]
    ],
    [
        [ 1, 0, 0, 0, 0, -21, 0, 0, 0, 0, 2, 0, 0, 0, 0, 1 ]
    ],
    [
        [ 1, 0, 0, 0, 0, -6, 0, 0, 0, 0, 2, 1, 0, 0, 1, 4 ]
    ],
    [
        [ 0, 6, 0, 0, 6, 0, 0, 0, 0, 0, 5, 0, 0, 0, 0, 1 ],
        [ 0, 3, 0, 0, 3, 0, 0, 0, 0, 0, 10, 0, 0, 0, 0, 2 ],
        [ 0, 3, 0, 0, 3, 0, 0, 0, 0, 0, 4, -2, 0, 0, -2, 6 ],
        [ 0, 6, 0, 0, 6, 0, 0, 0, 0, 0, 2, -1, 0, 0, -1, 3 ]
    ],
    [
        [ 1, 0, 0, 0, 0, 2, -1, 0, 0, -1, 2, 0, 0, 0, 0, -15 ],
        [ 0, 3, 0, 0, 3, 0, 0, 0, 0, 0, 5, 0, 0, 0, 0, 1 ]
    ],
    [
        [ 1, 0, 0, 0, 0, 0, 7, 0, 0, 7, 0, 0, 0, 0, 0, 1 ],
        [ 0, 1, 0, 0, 1, 0, 0, 0, 0, 0, 7, 0, 0, 0, 0, 7 ]
    ],
    [
        [ 0, 7, 0, 0, 7, 0, 0, 0, 0, 0, 2, 0, 0, 0, 0, 2 ],
        [ 0, 1, 0, 0, 1, 0, 0, 0, 0, 0, 14, 0, 0, 0, 0, 14 ],
        [ 0, 2, 0, 0, 2, 0, 0, 0, 0, 0, 7, 0, 0, 0, 0, 7 ],
        [ 0, 14, 0, 0, 14, 0, 0, 0, 0, 0, 1, 0, 0, 0, 0, 1 ]
    ],
    [
        [ 0, 5, 0, 0, 5, 0, 0, 0, 0, 0, 2, 0, 0, 0, 0, 1 ],
        [ 1, 0, 0, 0, 0, -10, 0, 0, 0, 0, 5, 0, 0, 0, 0, 1 ]
    ],
    [
        [ 0, 5, 0, 0, 5, 0, 0, 0, 0, 0, 4, -2, 0, 0, -2, 4 ],
        [ 0, 10, 0, 0, 10, 0, 0, 0, 0, 0, 2, -1, 0, 0, -1, 2 ],
        [ 0, 1, 0, 0, 1, 0, 0, 0, 0, 0, 20, -10, 0, 0, -10, 20 ],
        [ 0, 2, 0, 0, 2, 0, 0, 0, 0, 0, 10, -5, 0, 0, -5, 10 ]
    ],
    [
        [ 5, 0, 0, 0, 0, 5, 0, 0, 0, 0, -3, 0, 0, 0, 0, 1 ],
        [ 1, 0, 0, 0, 0, -15, 0, 0, 0, 0, 5, 0, 0, 0, 0, 1 ]
    ],
    [
        [ 0, 5, 0, 0, 5, 0, 0, 0, 0, 0, 3, 0, 0, 0, 0, 1 ],
        [ 1, 0, 0, 0, 0, 15, 0, 0, 0, 0, -5, 0, 0, 0, 0, 1 ]
    ],
    [
        [ 10, 0, 0, 0, 0, 10, 0, 0, 0, 0, -3, 0, 0, 0, 0, 1 ],
        [ 10, 0, 0, 0, 0, 10, 0, 0, 0, 0, 3, 0, 0, 0, 0, -1 ],
        [ 2, 0, 0, 0, 0, 2, 0, 0, 0, 0, 15, 0, 0, 0, 0, -5 ],
        [ 2, 0, 0, 0, 0, 2, 0, 0, 0, 0, -15, 0, 0, 0, 0, 5 ]
    ],
    [
        [ 0, 3, 0, 0, 3, 0, 0, 0, 0, 0, 5, 0, 0, 0, 0, 2 ],
        [ 1, 0, 0, 0, 0, 3, 0, 0, 0, 0, 3, 0, 0, 0, 0, -10 ]
    ],
    [
        [ 0, 3, 0, 0, 3, 0, 0, 0, 0, 0, 10, 0, 0, 0, 0, 1 ],
        [ 0, 1, 0, 0, 1, 0, 0, 0, 0, 0, 30, 0, 0, 0, 0, 3 ]
    ],
    [
        [ 2, 0, 0, 3, 0, 0, 13, 0, 0, 13, 0, 0, 3, 0, 0, 6 ]
    ],
    [
        [ 0, 7, 0, 0, 7, 0, 0, 0, 0, 0, 4, -2, 0, 0, -2, 4 ],
        [ 0, 14, 0, 0, 14, 0, 0, 0, 0, 0, 2, -1, 0, 0, -1, 2 ]
    ],
    [
        [ 1, 0, 0, 0, 0, -7, 0, 0, 0, 0, 5, 2, 0, 0, 2, 5 ]
    ],
    [
        [ 1, 0, 0, 0, 0, 15, 0, 0, 0, 0, 15, 0, 0, 0, 0, -1 ],
        [ 0, 15, 0, 0, 15, 0, 0, 0, 0, 0, 1, 0, 0, 0, 0, 1 ]
    ],
    [
        [ 0, 5, 0, 0, 5, 0, 0, 0, 0, 0, 6, 0, 0, 0, 0, 6 ],
        [ 0, 30, 0, 0, 30, 0, 0, 0, 0, 0, 1, 0, 0, 0, 0, 1 ],
        [ 0, 15, 0, 0, 15, 0, 0, 0, 0, 0, 2, 0, 0, 0, 0, 2 ],
        [ 0, 10, 0, 0, 10, 0, 0, 0, 0, 0, 3, 0, 0, 0, 0, 3 ]
    ],
    [
        [ -2, 1, 1, -7, 1, 2, 0, 0, 1, 0, 2, 0, -7, 0, 0, -14 ]
    ],
    [
        [ 1, 0, 0, 0, 0, 1, 0, 0, 0, 0, 1, 0, 0, 0, 0, -7 ]
    ],
    [
        [ -2, 1, 0, 0, 1, 2, 0, 0, 0, 0, 4, -2, 0, 0, -2, 4 ],
        [ 2, 0, 0, 1, 0, 2, 0, 1, 0, 0, 2, -1, 1, 1, -1, -6 ]
    ],
    [
        [ 2, 0, 0, 0, 0, 2, 0, 0, 0, 0, 5, 0, 0, 0, 0, -3 ],
        [ 2, 0, 0, 0, 0, 2, 0, 0, 0, 0, -15, 0, 0, 0, 0, 1 ]
    ],
    [
        [ 1, 0, 0, 0, 0, -5, 0, 0, 0, 0, 2, -1, 0, 0, -1, 2 ]
    ],
    [
        [ 1, 0, 0, 0, 0, 1, 0, 0, 0, 0, 1, 0, 0, 0, 0, -15 ]
    ],
    [
        [ 1, 0, 0, 0, 0, 3, 0, 0, 0, 0, 3, 0, 0, 0, 0, -2 ]
    ],
    [
        [ -10, 1, 1, -23, 1, 2, 0, 0, 1, 0, 2, 0, -23, 0, 0, -46 ]
    ],
    [
        [ -10, 0, 0, 0, 0, 2, 1, -1, 0, 1, 2, 0, 0, -1, 0, 4 ],
        [ -5, 0, 0, 0, 0, 3, -1, -1, 0, -1, 3, 1, 0, -1, 1, 3 ]
    ],
    [
        [ 1, 0, 0, 0, 0, -5, 0, 0, 0, 0, 2, -1, 0, 0, -1, 3 ]
    ],
    [
        [ 2, 1, 0, 0, 1, 2, 0, 0, 0, 0, 4, -2, 0, 0, -2, -12 ],
        [ 2, 0, 0, 1, 0, 2, 0, 1, 0, 0, 2, -1, 1, 1, -1, -18 ]
    ],
    [
        [ 2, -1, 0, 0, -1, 2, 0, 0, 0, 0, 5, 0, 0, 0, 0, -3 ],
        [ 2, -1, 0, 0, -1, 2, 0, 0, 0, 0, 15, 0, 0, 0, 0, -1 ]
    ],
    [
        [ 4, -2, 0, 0, -2, 4, 0, 0, 0, 0, -5, 0, 0, 0, 0, 3 ],
        [ 4, -2, 0, 0, -2, 4, 0, 0, 0, 0, -15, 0, 0, 0, 0, 1 ],
        [ 2, -1, 0, 0, -1, 2, 0, 0, 0, 0, -10, 0, 0, 0, 0, 6 ],
        [ 2, -1, 0, 0, -1, 2, 0, 0, 0, 0, -30, 0, 0, 0, 0, 2 ]
    ],
    [
        [ 6, 0, 0, 0, 0, 6, 0, 0, 0, 0, -5, 0, 0, 0, 0, 1 ],
        [ 3, 0, 0, 0, 0, 3, 0, 0, 0, 0, -10, 0, 0, 0, 0, 2 ]
    ],
    [
        [ 2, 0, 0, -1, 0, -4, 2, 0, 0, 2, 4, 0, -1, 0, 0, 6 ],
        [ -26, 1, 1, -55, 1, 2, 0, 0, 1, 0, 2, 0, -55, 0, 0, -110 ]
    ],
    [
        [ 4, -2, 0, 0, -2, 4, 0, 0, 0, 0, 2, -1, 0, 0, -1, -10 ],
        [ 4, -2, 0, 0, -2, 4, 0, 0, 0, 0, -2, 1, 0, 0, 1, 10 ]
    ],
    [
        [ 2, -1, 0, 0, -1, 2, 0, 0, 0, 0, -21, 0, 0, 0, 0, 1 ],
        [ 1, 0, 0, 0, 0, 21, 0, 0, 0, 0, -3, 0, 0, 0, 0, 1 ]
    ],
    [
        [ 1, 0, 0, 0, 0, 33, 0, 0, 0, 0, -3, 0, 0, 0, 0, 1 ]
    ],
    [
        [ 4, -2, 0, 0, -2, 4, 0, 0, 0, 0, 4, -1, 0, 0, -1, -8 ],
        [ 2, -1, 0, 0, -1, 2, 0, 0, 0, 0, -4, 2, 0, 0, 2, 32 ]
    ],
    [
        [ 2, -1, 0, 0, -1, 2, 0, 0, 0, 0, -21, 0, 0, 0, 0, 2 ],
        [ 2, -1, 0, 0, -1, 2, 0, 0, 0, 0, 42, 0, 0, 0, 0, -1 ]
    ],
    [
        [ 2, 0, 0, -1, 0, 4, 2, -2, 0, 2, -6, -1, -1, -2, -1, 12 ],
        [ 2, 0, 1, -1, 0, 2, 1, -1, 1, 1, -6, -1, -1, -1, -1, 22 ]
    ],
    [
        [ 1, 0, 0, 0, 0, 21, 0, 0, 0, 0, -7, 0, 0, 0, 0, 1 ]
    ],
    [
        [ 1, 0, 0, 0, 0, -15, 0, 0, 0, 0, 5, 0, 0, 0, 0, 2 ],
        [ -30, 0, 0, 0, 0, 1, 0, 0, 0, 0, 2, -1, 0, 0, -1, 3 ]
    ],
    [
        [ 2, 0, 0, 1, 0, 2, 0, 1, 0, 0, 10, -5, 1, 1, -5, -14 ],
        [ 2, 1, 1, -1, 1, 2, 0, -1, 1, 0, -6, 3, -1, -1, 3, 34 ]
    ],
    [
        [ 34, 69, -3, 1, 69, 138, 0, 0, -3, 0, -6, 0, 1, 0, 0, 2 ]
    ],
    [
        [ 10, -5, 0, 0, -5, 10, 0, 0, 0, 0, 6, 0, 0, 0, 0, -2 ],
        [ 20, -10, 0, 0, -10, 20, 0, 0, 0, 0, -3, 0, 0, 0, 0, 1 ],
        [ 10, -5, 0, 0, -5, 10, 0, 0, 0, 0, -6, 0, 0, 0, 0, 2 ],
        [ 20, -10, 0, 0, -10, 20, 0, 0, 0, 0, 3, 0, 0, 0, 0, -1 ]
    ],
    [
        [ 1, 0, 0, 0, 0, -15, 0, 0, 0, 0, 5, 0, 0, 0, 0, 3 ],
        [ 10, -5, 0, 0, -5, 10, 0, 0, 0, 0, -3, 0, 0, 0, 0, 1 ]
    ],
    [
        [ 4, -2, 0, 0, -2, 4, 0, 0, 0, 0, -2, 1, 0, 0, 1, 52 ],
        [ 2, -1, 0, 0, -1, 2, 0, 0, 0, 0, -12, 6, 0, 0, 6, 32 ],
        [ 2, -1, 0, 0, -1, 2, 0, 0, 0, 0, -4, 2, 0, 0, 2, 104 ],
        [ 4, -2, 0, 0, -2, 4, 0, 0, 0, 0, 4, -1, 0, 0, -1, -26 ]
    ],
    [
        [ 2, -1, 0, 0, -1, 2, 0, 0, 0, 0, 35, 0, 0, 0, 0, -3 ],
        [ 2, -1, 0, 0, -1, 2, 0, 0, 0, 0, 105, 0, 0, 0, 0, -1 ]
    ],
    [
        [ 10, -5, 0, 0, -5, 10, 0, 0, 0, 0, -6, 0, 0, 0, 0, 1 ],
        [ 2, -1, 0, 0, -1, 2, 0, 0, 0, 0, -30, 0, 0, 0, 0, 5 ]
    ],
    [
        [ 2, 1, 1, 0, 1, -2, 1, 1, 1, 1, 6, -3, 0, 1, -3, 106 ],
        [ 4, -2, 0, 0, -2, 4, 0, 0, 0, 0, -14, 7, 0, 0, 7, 14 ],
        [ -2, -1, -1, 0, -1, 6, 0, -3, -1, 0, 6, 3, 0, -3, 3, 38 ],
        [ 4, 2, -2, -2, 2, 6, -3, -1, -2, -3, 6, 1, -2, -1, 1, -34 ]
    ],
    [
        [ 34, 77, -11, 1, 77, 154, 0, 0, -11, 0, -22, 0, 1, 0, 0, 2 ]
    ],
    [
        [ 4, -2, 0, 0, -2, 4, 0, 0, 0, 0, 10, -5, 0, 0, -5, -30 ],
        [ 2, -15, 13, 5, -15, -30, 0, 0, 13, 0, 26, 0, 5, 0, 0, 10 ]
    ],
    [
        [ 20, -10, 0, 0, -10, 20, 0, 0, 0, 0, -2, 1, 0, 0, 1, 10 ],
        [ 4, -2, 0, 0, -2, 4, 0, 0, 0, 0, 10, -5, 0, 0, -5, -50 ],
        [ 4, -2, 0, 0, -2, 4, 0, 0, 0, 0, -10, 5, 0, 0, 5, 50 ],
        [ 20, -10, 0, 0, -10, 20, 0, 0, 0, 0, 2, -1, 0, 0, -1, -10 ]
    ]
]
