[
    <1, "I_{15,1}()", [ 18, 153, 815, 3045, 8463, 18109, 30457, 40733, 43505, 36995, 24745, 12691, 4752, 1172, 139 ], 6>,
    <4, "II_{15,1}([2^{2}]_{6})", [ 18, 153, 815, 3045, 8463, 18109, 30457, 40733, 43505, 36995, 24745, 12691, 4752, 1172, 139 ], 6>,
    <4, "I_{15,1}(2^{2})", [ 29, 366, 2730, 13687, 49434, 134031, 279692, 455511, 581936, 581171, 447540, 258176, 105407, 26928, 2989 ], 115>,
    <12, "II_{15,1}(2^{-2} 3^{-1})", [ 26, 304, 2135, 10162, 34997, 90688, 181095, 282476, 346003, 331940, 246418, 137909, 55237, 14130, 1663 ], 37>,
    <16, "I_{15,1}(2^{4})", [ 118, 3090, 36910, 264635, 1286454, 4516864, 11860435, 23721915, 36383665, 42639124, 37594380, 24132025, 10580390, 2769750, 296136 ], 8917>,
    <16, "II_{15,1}([2^{4}]_{6})", [ 29, 366, 2730, 13687, 49434, 134031, 279692, 455511, 581936, 581171, 447540, 258176, 105407, 26928, 2989 ], 115>,
    <64, "II_{15,1}([2^{6}]_{6})", [ 118, 3090, 36910, 264635, 1286454, 4516864, 11860435, 23721915, 36383665, 42639124, 37594380, 24132025, 10580390, 2769750, 296136 ], 8917>,
    <64, "I_{15,1}(2^{6})", [ 521, 27280, 453565, 4186735, 25508826, 110645668, 354162500, 849680760, 1532335940, 2062130266, 2032608326, 1416925930, 654686200, 175387920, 18712592 ], 516091>,
    <256, "II_{15,1}([2^{8}]_{6})", [ 521, 27280, 453565, 4186735, 25508826, 110645668, 354162500, 849680760, 1532335940, 2062130266, 2032608326, 1416925930, 654686200, 175387920, 18712592 ], 516091>,
    <256, "I_{15,1}(2^{8})", [ 521, 27280, 453565, 4186735, 25508826, 110645668, 354162500, 849680760, 1532335940, 2062130266, 2032608326, 1416925930, 654686200, 175387920, 18712592 ], 516091>
]
